.Random.seed <-
c(403L, 1L, -1880042117L, -994622646L, 1450279852L, -121804113L, 
-498149275L, -1637132260L, -431442318L, 130320621L, 196790567L, 
1445180750L, -1313172056L, -1994182229L, -94614839L, -241943848L, 
-1985656954L, 1575049825L, -1845001229L, 1846400610L, -126357292L, 
1629845975L, 469265357L, -1203429532L, -1781331126L, -300623179L, 
1294838287L, -1721275626L, 455394752L, -1401285245L, -1355244639L, 
382935952L, -1474609042L, -98073063L, 2070374059L, 459414170L, 
272991836L, 201970527L, 607178037L, 770145484L, 609027618L, 96073853L, 
-772423305L, 2081189534L, -104735400L, 1175325883L, -741674407L, 
608295400L, -1199645674L, 1334159249L, 849193027L, 2038304594L, 
-1708641308L, -763114969L, 1157710461L, 1818704756L, -574204070L, 
-2025598555L, 568577471L, -1519571386L, 2118155472L, -308635917L, 
600182801L, 1823938112L, -437503458L, -599608087L, 177323547L, 
-1241874902L, 44179788L, 1312918287L, 1706532421L, 1675667452L, 
182877778L, -2093210675L, 461180295L, 493471854L, 1606258760L, 
1562845771L, -1206452311L, 1541000952L, 1878542886L, 1533010753L, 
726468819L, -1688654718L, -2060875084L, 1263705655L, 705283373L, 
-1482117564L, 997765994L, 911712213L, -1706882705L, 1237238902L, 
-1311961184L, 907204707L, 1641512193L, -1480404880L, -597722098L, 
958962809L, 1050946571L, 802997562L, -895495108L, 241918847L, 
228045013L, -557775636L, -439443902L, 1038872989L, -147479529L, 
-509085314L, -848617672L, 1622562843L, -310027911L, 1220640712L, 
268116982L, 287667761L, -1562357661L, -732925902L, -1057026684L, 
1095300039L, -1391774051L, 2063425044L, 1627923642L, 915968261L, 
-1037102369L, -1703854234L, -1034725648L, -69161453L, 1169319857L, 
1040691808L, -1504473090L, 1273249673L, -1028040517L, 829559946L, 
265086828L, 506508527L, 1160765221L, -811628068L, -25675854L, 
1630715565L, 1306785383L, 49333646L, -1463897496L, -1725616533L, 
-1203959799L, 949450392L, 1770516934L, -242474719L, 1245442483L, 
-144667358L, -398219500L, 226467735L, -117506163L, 941130404L, 
-430666614L, -1889918219L, 314377551L, -1773563306L, 1638248704L, 
-1810627517L, 83953633L, 716957520L, 1252186542L, -1270655143L, 
856710507L, 947258586L, 1571884444L, 573518239L, 1700074485L, 
-1985133940L, 1769293666L, -1586940099L, 2094403511L, -129590178L, 
-2074357352L, 420623611L, 2079359129L, -607456984L, -1991931946L, 
-1805114287L, -1117827325L, 584500882L, -1334885340L, -1017705753L, 
-176464067L, 1953554356L, -401947622L, 669458277L, -2058370561L, 
-322859898L, 1152946192L, -1012542797L, 615207249L, 1065955584L, 
-1501596706L, -16670679L, 458569691L, -1584421654L, -1956674932L, 
789880271L, 2140197253L, -1803097540L, -1014034670L, -1900776435L, 
1972485959L, 83852590L, -1932133240L, 57895307L, -639930007L, 
-735904968L, -409131546L, 853803393L, -314108653L, -241249598L, 
-1849557644L, 1878719863L, 1382712941L, -658159356L, 1053072426L, 
1301524885L, -1024924113L, -1866054858L, 756448096L, 245006755L, 
1126777537L, 1789713072L, 501798350L, -1505195719L, -1283283637L, 
-1878921478L, 1647222780L, -1752769006L, 1027312512L, 708002580L, 
71332136L, -393679814L, 584854480L, -1665006996L, -23463372L, 
1245182610L, -1840472736L, -703485620L, 590403552L, -595454558L, 
1657363880L, -205232500L, -879288900L, -1069617550L, -955753488L, 
-1670154684L, -517416872L, 129505338L, 2017118320L, -1988233156L, 
989305108L, 1507869378L, 116199136L, 736462972L, 470511312L, 
-1638778462L, -1854181336L, -1110271220L, 1829081532L, 1363456818L, 
-1538688320L, 2089796660L, -255912248L, 1056036026L, -527206768L, 
328240876L, -644461996L, -1884314990L, -1403174624L, -788543028L, 
-581745952L, -1467680574L, -1008061400L, -1445627988L, -1620581700L, 
1728801778L, -718467536L, -1910945884L, 1766469048L, 2021713754L, 
-1909149552L, -124935300L, 1930760468L, 1898441026L, 2072701184L, 
86994364L, 2041399632L, 1614022946L, -119053752L, -754964468L, 
256730716L, 1086458322L, 299544064L, 630570324L, -2117858072L, 
1470892282L, -1483309360L, 2036976428L, 301803764L, 1904320914L, 
-1454987936L, 314332172L, -2121659168L, -1254706590L, -162667352L, 
2671692L, -1376764036L, 1026636082L, 59556464L, -1626098876L, 
-35931176L, 511814522L, 328325168L, 1172766652L, -1797305772L, 
-904499134L, -1267718496L, -1496407364L, -440245296L, 1389712738L, 
601898728L, -1012802356L, -839730692L, 1177918962L, -1837474688L, 
-1435952652L, -1396825464L, 716577594L, 1885955408L, -503077780L, 
-2120569452L, -1749702574L, 734076384L, -1333177140L, -507978080L, 
-1448840830L, -145473304L, 864086764L, -916611780L, -711595918L, 
385254000L, -2039096796L, -108951496L, -2018772710L, -14490416L, 
1826216252L, -1759644780L, -844957822L, 1306192832L, -1422363076L, 
1591181712L, 1557440546L, -1199657720L, -973207412L, -1146826980L, 
-120546158L, -1045721728L, 180301844L, -803952856L, 858818106L, 
1361627600L, -1699077780L, -649487436L, 806580754L, -818841632L, 
-1267394100L, 1381914848L, -702442462L, -1667368152L, 484354572L, 
914707260L, 724871154L, 2021810928L, -137565628L, -1920281000L, 
-1746389190L, -952682512L, -1471706436L, 1418732820L, 46427330L, 
1248037984L, 1865735548L, 879665104L, 1928136994L, -1606816088L, 
537272204L, 661619900L, 1752675122L, -2032937408L, 1806415028L, 
-590164920L, 1681231290L, 1880242704L, 971967724L, 345190740L, 
881597202L, 916309408L, -2064502068L, -873412000L, 86910914L, 
216326952L, -1487879764L, 1333212476L, -1131789454L, -1368144592L, 
-774054108L, 1827513656L, -1035139366L, -1081747568L, -125328644L, 
-390808684L, -1637104574L, 1613303040L, 1557790780L, 1120324944L, 
301380770L, -2142176440L, -705745140L, 439086812L, 911017810L, 
2144978560L, -1056378796L, -575683608L, 782347002L, 1323961680L, 
-468789460L, 76516212L, 2136540050L, -857945504L, -88273012L, 
-2095179936L, -1981269022L, 1397525416L, -1211716404L, -1551808004L, 
-1558851662L, 1619156464L, -1365099068L, -492277416L, 1277232506L, 
1526390192L, 44663740L, -653662124L, -9347134L, 364451872L, 1675423932L, 
-1162208688L, 1570838498L, -2029674904L, 1324654156L, 910174460L, 
-1266405390L, 1225270528L, 767073140L, 1399514661L, 1860598575L, 
-308646680L, 1608830406L, 1290878067L, 882136789L, 1184951474L, 
-1100144512L, -1629680535L, -206956325L, 1862765612L, 2028532794L, 
1816814319L, 601726329L, 116838926L, -1432575012L, 1413745741L, 
-1565909065L, 567574848L, -269031394L, -1105813781L, 870076013L, 
317757146L, 1430439576L, -1991545599L, 551178931L, -1263198764L, 
1879047394L, 1596790135L, -674919231L, 845901894L, 1682440068L, 
-263251659L, -1174894817L, -355669384L, -2054033578L, -720269853L, 
-512351323L, -1246375358L, -2135961552L, 754754649L, -1248257589L, 
2052938300L, -1151052694L, 1296058015L, -649295063L, 1055311806L, 
-1167034708L, -2072658947L, -508849337L, 341038128L, 1917236558L, 
-1000821381L, -299705635L, 1579358986L, 1545214504L, -1779084655L, 
1589383811L, -1887972476L, 1869117874L, -914807033L, -1221925551L, 
1417866454L, 1065732532L, -1472127547L, 958598415L, -593273976L, 
-746028378L, -697216429L, -1925366859L, -1016018670L, 1071520480L, 
-985198775L, -354524805L, -1395553204L, -626102822L, 1517670351L, 
-673631847L, -1861008978L, -234651972L, -1780748499L, 466111703L, 
2127607072L, -134225282L, -1765397429L, 1235533389L, -2053495686L, 
-501431112L, 81374817L, -1373432813L, 1059299892L, -134724542L, 
-263081L, 677255073L, 570533990L, -1201246108L, -1597568107L, 
-998589249L, 2033478744L, -879273866L, -2117416829L, 63908037L, 
549103074L, -452522928L, 998794617L, 2062473899L, 506298908L, 
-1644896950L, 1481688383L, -1791016055L, -390661218L, -1789437364L, 
78593053L, 316577191L, 710240464L, -1563362706L, 1811916059L, 
-546464131L, -1772327830L, -1314711288L, 2009959857L, 1736632867L, 
1346752292L, 1277753298L, -536275929L, -1839051151L, 1222571190L, 
-2034863020L, 923962597L, -1430767377L, -405115864L, -1377494906L, 
-1959238989L, 1422566421L, 1612412530L, -1898089792L, -225044695L, 
-714861157L, 598127212L, 856139386L, 179410863L, -1289178439L, 
-139502386L, 1867478556L, -1109504627L, 1778342903L, 2029477632L, 
